# Phase 0 Statistical Analysis (Definitive)

Generated by phase0_analysis.py using Opus 4.6
Date: 2026-03-28

## 1. Data Summary

- **Total runs**: 204
- **Unique tasks**: 81
- **Unique repos**: 10
- **Overall pass rate**: 49.2%
- **Total tool calls**: 4146
- **Tool calls with reasoning text**: 1164

### Repo breakdown

| Repo | N runs | N tasks | Passes | Pass % |
|------|--------|---------|--------|--------|
| sympy | 86 | 30 | 35 | 40.7% |
| django | 47 | 24 | 37 | 84.1% |
| pytest-dev | 35 | 8 | 10 | 28.6% |
| scikit-learn | 10 | 4 | 0 | 0.0% |
| pylint-dev | 5 | 3 | 4 | 100.0% |
| psf | 5 | 2 | 1 | 25.0% |
| sphinx-doc | 4 | 2 | 0 | 0.0% |
| pallets | 2 | 1 | 2 | 100.0% |
| astropy | 2 | 1 | 0 | 0.0% |
| synthetic | 8 | 6 | 8 | 100.0% |

### Feature count and correction

- **Total features tested**: 23
- **Bonferroni alpha**: 0.05 / 23 = 0.00217

## 2. Feature Descriptive Statistics

| Feature | Tier | N | Mean | SD | Min | Max |
|---------|------|---|------|----|----|-----|
| fail_streak_max | 0 | 204 | 1.1324 | 1.2854 | 0.0000 | 6.0000 |
| early_error_rate | 0 | 204 | 0.0929 | 0.1712 | 0.0000 | 1.0000 |
| first_edit_position | 0 | 204 | 0.2096 | 0.2342 | 0.0000 | 1.0000 |
| unique_files_touched | 0 | 204 | 1.9216 | 1.5098 | 0.0000 | 16.0000 |
| edit_churn_rate | 0 | 204 | 1.5402 | 0.8516 | 0.0000 | 6.5000 |
| recovery_rate | 0 | 124 | 0.7693 | 0.2769 | 0.0000 | 1.0000 |
| fail_then_switch_rate | 0 | 124 | 0.0652 | 0.1654 | 0.0000 | 1.0000 |
| test_run_count | 0 | 204 | 10.6912 | 9.7545 | 0.0000 | 61.0000 |
| n_calls | 0 | 204 | 20.3235 | 20.4993 | 1.0000 | 194.0000 |
| hedging_score | 1 | 204 | 0.0016 | 0.0024 | 0.0000 | 0.0114 |
| deliberation_length | 1 | 204 | 10.1919 | 7.6845 | 0.0000 | 62.0000 |
| backtrack_count | 1 | 204 | 0.0116 | 0.0391 | 0.0000 | 0.2857 |
| verification_score | 1 | 204 | 0.0149 | 0.0119 | 0.0000 | 0.0701 |
| planning_score | 1 | 204 | 0.0263 | 0.0167 | 0.0000 | 0.0901 |
| metacognitive_density | 2 | 203 | 0.0009 | 0.0032 | 0.0000 | 0.0222 |
| tentative_density | 2 | 203 | 0.0007 | 0.0024 | 0.0000 | 0.0175 |
| insight_density | 2 | 203 | 0.0049 | 0.0064 | 0.0000 | 0.0476 |
| instead_contrast_density | 2 | 203 | 0.0051 | 0.0136 | 0.0000 | 0.0952 |
| self_directive_density | 2 | 203 | 0.0460 | 0.0209 | 0.0000 | 0.1111 |
| wrong_stuck_density | 2 | 203 | 0.0019 | 0.0039 | 0.0000 | 0.0303 |
| causal_density | 2 | 203 | 0.0018 | 0.0040 | 0.0000 | 0.0235 |
| precision_naming_score | 2 | 203 | 0.0861 | 0.0502 | 0.0000 | 0.3684 |
| reasoning_to_action_alignment | X | 203 | 0.1150 | 0.2685 | 0.0000 | 1.0000 |

## 3. Method A: Mixed-Effects Linear Model

Model: `task_success ~ feature + (1 | repo)`

| Feature | Coef | SE | p (raw) | p (LRT) | Bonf? | N |
|---------|------|----|---------|---------|-------|---|
| fail_streak_max | -0.0413 | 0.0268 | 0.1234 | 0.1241 | no | 197 |
| early_error_rate | -0.1595 | 0.1963 | 0.4167 | 0.4165 | no | 197 |
| first_edit_position | 0.3888 | 0.1418 | 0.0061 * | 0.0068 | no | 197 |
| unique_files_touched | -0.0398 | 0.0272 | 0.1440 | 0.1446 | no | 197 |
| edit_churn_rate | 0.0068 | 0.0386 | 0.8598 | 0.8597 | no | 197 |
| recovery_rate | -0.1002 | 0.1372 | 0.4651 | 0.4664 | no | 119 |
| fail_then_switch_rate | 0.0349 | 0.2252 | 0.8768 | 0.8768 | no | 119 |
| test_run_count | -0.0068 | 0.0038 | 0.0689 | 0.0699 | no | 197 |
| n_calls | -0.0042 | 0.0020 | 0.0416 * | 0.0423 | no | 197 |
| hedging_score | 4.2773 | 12.7629 | 0.7375 | 0.7376 | no | 197 |
| deliberation_length | 0.0157 | 0.0039 | 0.0000 * | 0.0001 | YES | 197 |
| backtrack_count | 1.7395 | 0.7892 | 0.0275 * | 0.0285 | no | 197 |
| verification_score | 4.1354 | 2.6457 | 0.1180 | 0.1196 | no | 197 |
| planning_score | 5.0417 | 1.9933 | 0.0114 * | 0.0121 | no | 197 |
| metacognitive_density | 17.6781 | 9.8967 | 0.0741 | 0.0752 | no | 196 |
| tentative_density | -27.7270 | 13.7152 | 0.0432 * | 0.0440 | no | 196 |
| insight_density | 5.3145 | 5.0954 | 0.2970 | 0.2974 | no | 196 |
| instead_contrast_density | 0.3370 | 2.5948 | 0.8967 | 0.8967 | no | 196 |
| self_directive_density | -0.2421 | 1.5233 | 0.8737 | 0.8737 | no | 196 |
| wrong_stuck_density | 1.8703 | 7.9369 | 0.8137 | 0.8137 | no | 196 |
| causal_density | 7.6501 | 7.7338 | 0.3226 | 0.3235 | no | 196 |
| precision_naming_score | 1.2708 | 0.6694 | 0.0576 | 0.0586 | no | 196 |
| reasoning_to_action_alignment | 0.6182 | 0.1150 | 0.0000 * | 0.0000 | YES | 197 |

## 4. Method B: Within-Repo Spearman Correlations

### sympy (n=86, pass rate=40.7%)

| Feature | rho | p (raw) | Bonf? | N |
|---------|-----|---------|-------|---|
| fail_streak_max | -0.316 | 0.0031 * | no | 86 |
| early_error_rate | -0.299 | 0.0052 * | no | 86 |
| first_edit_position | 0.164 | 0.1304 | no | 86 |
| unique_files_touched | -0.284 | 0.0080 * | no | 86 |
| edit_churn_rate | -0.208 | 0.0551 | no | 86 |
| recovery_rate | 0.006 | 0.9678 | no | 45 |
| fail_then_switch_rate | -0.207 | 0.1716 | no | 45 |
| test_run_count | -0.158 | 0.1463 | no | 86 |
| n_calls | -0.199 | 0.0666 | no | 86 |
| hedging_score | 0.070 | 0.5226 | no | 86 |
| deliberation_length | 0.314 | 0.0032 * | no | 86 |
| backtrack_count | 0.158 | 0.1460 | no | 86 |
| verification_score | 0.153 | 0.1593 | no | 86 |
| planning_score | 0.200 | 0.0652 | no | 86 |
| metacognitive_density | 0.108 | 0.3242 | no | 86 |
| tentative_density | -0.157 | 0.1476 | no | 86 |
| insight_density | 0.112 | 0.3060 | no | 86 |
| instead_contrast_density | 0.331 | 0.0019 * | YES | 86 |
| self_directive_density | -0.078 | 0.4743 | no | 86 |
| wrong_stuck_density | -0.117 | 0.2835 | no | 86 |
| causal_density | 0.079 | 0.4678 | no | 86 |
| precision_naming_score | 0.205 | 0.0583 | no | 86 |
| reasoning_to_action_alignment | 0.247 | 0.0221 * | no | 86 |

### django (n=47, pass rate=84.1%)

| Feature | rho | p (raw) | Bonf? | N |
|---------|-----|---------|-------|---|
| fail_streak_max | 0.060 | 0.7008 | no | 44 |
| early_error_rate | -0.140 | 0.3648 | no | 44 |
| first_edit_position | 0.493 | 0.0007 * | YES | 44 |
| unique_files_touched | 0.254 | 0.0959 | no | 44 |
| edit_churn_rate | 0.038 | 0.8086 | no | 44 |
| recovery_rate | -0.295 | 0.3058 | no | 14 |
| fail_then_switch_rate | -- | -- | no | 14 |
| test_run_count | 0.260 | 0.0887 | no | 44 |
| n_calls | 0.367 | 0.0143 * | no | 44 |
| hedging_score | -0.131 | 0.3962 | no | 44 |
| deliberation_length | 0.465 | 0.0015 * | YES | 44 |
| backtrack_count | 0.233 | 0.1274 | no | 44 |
| verification_score | 0.306 | 0.0435 * | no | 44 |
| planning_score | 0.252 | 0.0989 | no | 44 |
| metacognitive_density | 0.248 | 0.1049 | no | 44 |
| tentative_density | -- | -- | no | 44 |
| insight_density | 0.142 | 0.3568 | no | 44 |
| instead_contrast_density | -0.121 | 0.4321 | no | 44 |
| self_directive_density | 0.154 | 0.3178 | no | 44 |
| wrong_stuck_density | 0.233 | 0.1274 | no | 44 |
| causal_density | 0.172 | 0.2636 | no | 44 |
| precision_naming_score | 0.110 | 0.4768 | no | 44 |
| reasoning_to_action_alignment | 0.172 | 0.2633 | no | 44 |

### pytest-dev (n=35, pass rate=28.6%)

| Feature | rho | p (raw) | Bonf? | N |
|---------|-----|---------|-------|---|
| fail_streak_max | 0.046 | 0.7934 | no | 35 |
| early_error_rate | 0.076 | 0.6654 | no | 35 |
| first_edit_position | 0.011 | 0.9507 | no | 35 |
| unique_files_touched | 0.078 | 0.6540 | no | 35 |
| edit_churn_rate | -0.050 | 0.7751 | no | 35 |
| recovery_rate | -0.055 | 0.7694 | no | 31 |
| fail_then_switch_rate | 0.407 | 0.0231 * | no | 31 |
| test_run_count | -0.166 | 0.3397 | no | 35 |
| n_calls | -0.147 | 0.3986 | no | 35 |
| hedging_score | 0.100 | 0.5684 | no | 35 |
| deliberation_length | 0.141 | 0.4194 | no | 35 |
| backtrack_count | 0.018 | 0.9186 | no | 35 |
| verification_score | -0.200 | 0.2484 | no | 35 |
| planning_score | 0.088 | 0.6165 | no | 35 |
| metacognitive_density | -0.034 | 0.8460 | no | 35 |
| tentative_density | -0.184 | 0.2907 | no | 35 |
| insight_density | 0.084 | 0.6331 | no | 35 |
| instead_contrast_density | -0.096 | 0.5826 | no | 35 |
| self_directive_density | -0.113 | 0.5191 | no | 35 |
| wrong_stuck_density | 0.191 | 0.2708 | no | 35 |
| causal_density | -0.017 | 0.9227 | no | 35 |
| precision_naming_score | 0.041 | 0.8164 | no | 35 |
| reasoning_to_action_alignment | 0.531 | 0.0010 * | YES | 35 |

## 5. Method C: Partial Spearman (controlling repo + n_calls)

| Feature | Partial rho | p (raw) | Bonf? | N |
|---------|-------------|---------|-------|---|
| fail_streak_max | -0.140 | 0.0493 * | no | 197 |
| early_error_rate | -0.138 | 0.0538 | no | 197 |
| first_edit_position | 0.171 | 0.0162 * | no | 197 |
| unique_files_touched | -0.059 | 0.4119 | no | 197 |
| edit_churn_rate | -0.058 | 0.4185 | no | 197 |
| recovery_rate | -0.077 | 0.4067 | no | 119 |
| fail_then_switch_rate | 0.127 | 0.1691 | no | 119 |
| test_run_count | 0.055 | 0.4404 | no | 197 |
| n_calls | -0.059 | 0.4084 | no | 197 |
| hedging_score | 0.061 | 0.3928 | no | 197 |
| deliberation_length | 0.239 | 0.0007 * | YES | 197 |
| backtrack_count | -0.013 | 0.8611 | no | 197 |
| verification_score | 0.091 | 0.2020 | no | 197 |
| planning_score | 0.160 | 0.0247 * | no | 197 |
| metacognitive_density | -0.019 | 0.7907 | no | 196 |
| tentative_density | -0.113 | 0.1152 | no | 196 |
| insight_density | 0.126 | 0.0789 | no | 196 |
| instead_contrast_density | 0.224 | 0.0016 * | YES | 196 |
| self_directive_density | -0.003 | 0.9637 | no | 196 |
| wrong_stuck_density | 0.010 | 0.8943 | no | 196 |
| causal_density | 0.095 | 0.1866 | no | 196 |
| precision_naming_score | 0.116 | 0.1055 | no | 196 |
| reasoning_to_action_alignment | 0.321 | 0.0000 * | YES | 197 |

## 6. Intercorrelation Matrix (features with p<0.10 in any method)

Features reaching p<0.10 in at least one method: 18

| Feature | fail_streak_max | early_error_rate | first_edit_position | unique_files_touched | edit_churn_rate | fail_then_switch_rate | test_run_count | n_calls | deliberation_length | backtrack_count | verification_score | planning_score | metacognitive_density | tentative_density | insight_density | instead_contrast_density | precision_naming_score | reasoning_to_action_alignment |
|---------|-----|-----|-----|-----|-----|-----|-----|-----|-----|-----|-----|-----|-----|-----|-----|-----|-----|-----|
| fail_streak_max | 1.000 | 0.637 ** | -0.224 | 0.287 | 0.134 | 0.212 | 0.415 | 0.452 | -0.296 | 0.024 | -0.043 | -0.347 | 0.088 | 0.238 | -0.018 | 0.011 | -0.034 | 0.121 |
| early_error_rate | 0.637 ** | 1.000 | -0.184 | 0.215 | 0.204 | 0.168 | 0.434 | 0.447 | -0.237 | 0.082 | -0.012 | -0.206 | 0.104 | 0.267 | -0.021 | -0.025 | -0.062 | 0.016 |
| first_edit_position | -0.224 | -0.184 | 1.000 | 0.062 | -0.043 | 0.117 | -0.078 | 0.030 | 0.218 | -0.016 | 0.145 | 0.226 | 0.031 | -0.148 | 0.080 | -0.020 | 0.108 | -0.060 |
| unique_files_touched | 0.287 | 0.215 | 0.062 | 1.000 | 0.220 | 0.410 | 0.342 | 0.421 | -0.021 | 0.059 | 0.181 | 0.014 | 0.090 | 0.073 | -0.015 | -0.086 | -0.090 | 0.086 |
| edit_churn_rate | 0.134 | 0.204 | -0.043 | 0.220 | 1.000 | 0.332 | 0.342 | 0.400 | -0.023 | 0.239 | 0.150 | 0.066 | 0.204 | 0.029 | 0.033 | -0.013 | -0.040 | -0.054 |
| fail_then_switch_rate | 0.212 | 0.168 | 0.117 | 0.410 | 0.332 | 1.000 | 0.321 | 0.342 | 0.021 | 0.125 | -0.041 | -0.108 | 0.071 | 0.161 | -0.015 | 0.157 | 0.064 | 0.166 |
| test_run_count | 0.415 | 0.434 | -0.078 | 0.342 | 0.342 | 0.321 | 1.000 | 0.899 ** | -0.427 | 0.127 | -0.068 | -0.253 | 0.122 | 0.246 | 0.068 | -0.063 | -0.117 | -0.007 |
| n_calls | 0.452 | 0.447 | 0.030 | 0.421 | 0.400 | 0.342 | 0.899 ** | 1.000 | -0.430 | 0.092 | -0.046 | -0.237 | 0.094 | 0.296 | 0.084 | -0.083 | -0.131 | -0.073 |
| deliberation_length | -0.296 | -0.237 | 0.218 | -0.021 | -0.023 | 0.021 | -0.427 | -0.430 | 1.000 | 0.261 | 0.486 | 0.474 | 0.208 | -0.163 | 0.061 | 0.191 | 0.136 | 0.149 |
| backtrack_count | 0.024 | 0.082 | -0.016 | 0.059 | 0.239 | 0.125 | 0.127 | 0.092 | 0.261 | 1.000 | 0.228 | 0.154 | 0.897 ** | 0.129 | 0.196 | 0.139 | -0.012 | 0.185 |
| verification_score | -0.043 | -0.012 | 0.145 | 0.181 | 0.150 | -0.041 | -0.068 | -0.046 | 0.486 | 0.228 | 1.000 | 0.522 ** | 0.167 | 0.016 | -0.029 | 0.020 | -0.146 | 0.048 |
| planning_score | -0.347 | -0.206 | 0.226 | 0.014 | 0.066 | -0.108 | -0.253 | -0.237 | 0.474 | 0.154 | 0.522 ** | 1.000 | 0.104 | -0.145 | 0.073 | -0.031 | -0.081 | 0.026 |
| metacognitive_density | 0.088 | 0.104 | 0.031 | 0.090 | 0.204 | 0.071 | 0.122 | 0.094 | 0.208 | 0.897 ** | 0.167 | 0.104 | 1.000 | 0.104 | 0.204 | 0.194 | 0.025 | 0.200 |
| tentative_density | 0.238 | 0.267 | -0.148 | 0.073 | 0.029 | 0.161 | 0.246 | 0.296 | -0.163 | 0.129 | 0.016 | -0.145 | 0.104 | 1.000 | 0.016 | 0.063 | -0.094 | 0.023 |
| insight_density | -0.018 | -0.021 | 0.080 | -0.015 | 0.033 | -0.015 | 0.068 | 0.084 | 0.061 | 0.196 | -0.029 | 0.073 | 0.204 | 0.016 | 1.000 | 0.143 | -0.076 | 0.035 |
| instead_contrast_density | 0.011 | -0.025 | -0.020 | -0.086 | -0.013 | 0.157 | -0.063 | -0.083 | 0.191 | 0.139 | 0.020 | -0.031 | 0.194 | 0.063 | 0.143 | 1.000 | 0.311 | 0.249 |
| precision_naming_score | -0.034 | -0.062 | 0.108 | -0.090 | -0.040 | 0.064 | -0.117 | -0.131 | 0.136 | -0.012 | -0.146 | -0.081 | 0.025 | -0.094 | -0.076 | 0.311 | 1.000 | 0.187 |
| reasoning_to_action_alignment | 0.121 | 0.016 | -0.060 | 0.086 | -0.054 | 0.166 | -0.007 | -0.073 | 0.149 | 0.185 | 0.048 | 0.026 | 0.200 | 0.023 | 0.035 | 0.249 | 0.187 | 1.000 |

** = |r| > 0.5 (collinear)

### Collinear pairs (|r| > 0.5)

- fail_streak_max x early_error_rate: r = 0.637
- test_run_count x n_calls: r = 0.899
- backtrack_count x metacognitive_density: r = 0.897
- verification_score x planning_score: r = 0.522

## 7. Cross-Method Summary

### Features significant at p<0.05 (uncorrected)

| Feature | Mixed-eff | Sympy | Django | Pytest | Partial | # methods |
|---------|-----------|-------|--------|--------|---------|-----------|
| fail_streak_max | ns (0.123) | p=0.0031 | ns (0.701) | ns (0.793) | p=0.0493 | 2 |
| early_error_rate | ns (0.417) | p=0.0052 | ns (0.365) | ns (0.665) | ns (0.054) | 1 |
| first_edit_position | p=0.0061 | ns (0.130) | p=0.0007 | ns (0.951) | p=0.0162 | 3 |
| unique_files_touched | ns (0.144) | p=0.0080 | ns (0.096) | ns (0.654) | ns (0.412) | 1 |
| fail_then_switch_rate | ns (0.877) | ns (0.172) | -- | p=0.0231 | ns (0.169) | 1 |
| n_calls | p=0.0416 | ns (0.067) | p=0.0143 | ns (0.399) | ns (0.408) | 2 |
| deliberation_length | p=0.0000 | p=0.0032 | p=0.0015 | ns (0.419) | p=0.0007 | 4 |
| backtrack_count | p=0.0275 | ns (0.146) | ns (0.127) | ns (0.919) | ns (0.861) | 1 |
| verification_score | ns (0.118) | ns (0.159) | p=0.0435 | ns (0.248) | ns (0.202) | 1 |
| planning_score | p=0.0114 | ns (0.065) | ns (0.099) | ns (0.617) | p=0.0247 | 2 |
| tentative_density | p=0.0432 | ns (0.148) | -- | ns (0.291) | ns (0.115) | 1 |
| instead_contrast_density | ns (0.897) | p=0.0019 | ns (0.432) | ns (0.583) | p=0.0016 | 2 |
| reasoning_to_action_alignment | p=0.0000 | p=0.0221 | ns (0.263) | p=0.0010 | p=0.0000 | 4 |

### Features surviving Bonferroni correction

- **deliberation_length**: Mixed-eff(p=0.000050), LRT(p=0.000072), Django(p=0.001476), Partial(p=0.000709)
- **first_edit_position**: Django(p=0.000664)
- **instead_contrast_density**: Sympy(p=0.001875), Partial(p=0.001569)
- **reasoning_to_action_alignment**: Mixed-eff(p=0.000000), LRT(p=0.000000), Pytest(p=0.001028), Partial(p=0.000004)

### Significant features by repo

**sympy** (p<0.05 uncorrected):
  - fail_streak_max: rho=-0.316, p=0.0031
  - early_error_rate: rho=-0.299, p=0.0052
  - unique_files_touched: rho=-0.284, p=0.0080
  - deliberation_length: rho=0.314, p=0.0032
  - instead_contrast_density: rho=0.331, p=0.0019 (survives Bonferroni)
  - reasoning_to_action_alignment: rho=0.247, p=0.0221

**django** (p<0.05 uncorrected):
  - first_edit_position: rho=0.493, p=0.0007 (survives Bonferroni)
  - n_calls: rho=0.367, p=0.0143
  - deliberation_length: rho=0.465, p=0.0015 (survives Bonferroni)
  - verification_score: rho=0.306, p=0.0435

**pytest-dev** (p<0.05 uncorrected):
  - fail_then_switch_rate: rho=0.407, p=0.0231
  - reasoning_to_action_alignment: rho=0.531, p=0.0010 (survives Bonferroni)

### Features significant in BOTH sympy and django (p<0.05)

- **deliberation_length**: sympy rho=0.314 (p=0.0032), django rho=0.465 (p=0.0015)
  - Direction: CONSISTENT (+)

## 8. Pre-registered vs Discovered Features

### Pre-registered (Tier 0 + Tier 1, from protocol)

- fail_streak_max: SIG in >=1 method
- early_error_rate: SIG in >=1 method
- first_edit_position: SIG in >=1 method
- unique_files_touched: SIG in >=1 method
- edit_churn_rate: not significant
- recovery_rate: not significant
- fail_then_switch_rate: SIG in >=1 method
- test_run_count: not significant
- hedging_score: not significant
- deliberation_length: SIG in >=1 method
- backtrack_count: SIG in >=1 method
- verification_score: SIG in >=1 method
- planning_score: SIG in >=1 method

### Discovered (Tier 2, post-hoc)

- metacognitive_density: not significant
- tentative_density: SIG in >=1 method
- insight_density: not significant
- instead_contrast_density: SIG in >=1 method
- self_directive_density: not significant
- wrong_stuck_density: not significant
- causal_density: not significant
- precision_naming_score: not significant
- reasoning_to_action_alignment: SIG in >=1 method

## 9. Overall Narrative

Out of 23 features tested:
- 13 reach p<0.05 in at least one method
- 7 reach p<0.05 in two or more methods
- 4 survive Bonferroni correction
- 1 are significant in both sympy and django

### Strongest signals (sorted by cross-method consistency)

1. **reasoning_to_action_alignment** (4 methods, min p=0.0000): mixed-eff coef=0.6182; sympy rho=0.247; django rho=0.172; partial rho=0.321
2. **deliberation_length** (4 methods, min p=0.0000): mixed-eff coef=0.0157; sympy rho=0.314; django rho=0.465; partial rho=0.239
3. **first_edit_position** (3 methods, min p=0.0007): mixed-eff coef=0.3888; sympy rho=0.164; django rho=0.493; partial rho=0.171
4. **instead_contrast_density** (2 methods, min p=0.0016): mixed-eff coef=0.3370; sympy rho=0.331; django rho=-0.121; partial rho=0.224
5. **fail_streak_max** (2 methods, min p=0.0031): mixed-eff coef=-0.0413; sympy rho=-0.316; django rho=0.060; partial rho=-0.140
6. **planning_score** (2 methods, min p=0.0114): mixed-eff coef=5.0417; sympy rho=0.200; django rho=0.252; partial rho=0.160
7. **n_calls** (2 methods, min p=0.0143): mixed-eff coef=-0.0042; sympy rho=-0.199; django rho=0.367; partial rho=-0.059
8. **early_error_rate** (1 methods, min p=0.0052): mixed-eff coef=-0.1595; sympy rho=-0.299; django rho=-0.140; partial rho=-0.138
9. **unique_files_touched** (1 methods, min p=0.0080): mixed-eff coef=-0.0398; sympy rho=-0.284; django rho=0.254; partial rho=-0.059
10. **fail_then_switch_rate** (1 methods, min p=0.0231): mixed-eff coef=0.0349; sympy rho=-0.207; partial rho=0.127
11. **backtrack_count** (1 methods, min p=0.0275): mixed-eff coef=1.7395; sympy rho=0.158; django rho=0.233; partial rho=-0.013
12. **tentative_density** (1 methods, min p=0.0432): mixed-eff coef=-27.7270; sympy rho=-0.157; partial rho=-0.113
13. **verification_score** (1 methods, min p=0.0435): mixed-eff coef=4.1354; sympy rho=0.153; django rho=0.306; partial rho=0.091

## 10. Limitations and Caveats

1. **Reasoning text sparsity**: Only 1164/4146 tool calls have non-empty reasoning text (28%). Tier 2 linguistic features are computed only over calls with text, biasing toward runs where text was captured.
2. **Repo confound**: Pass rates vary from 0% (scikit-learn) to 100% (pylint-dev, pallets). Mixed-effects model partially addresses this; within-repo analyses are cleanest.
3. **Task nesting**: Multiple runs per task violate independence. Mixed-effects with (1|repo) helps but (1|task) would be more appropriate -- not enough replicates per task for stable estimation.
4. **Multiple comparisons**: 23 features x ~5 tests = ~115 comparisons. Bonferroni is conservative; some true effects may be missed.
5. **Synthetic runs**: 8 runs from synthetic tasks (100% pass) may inflate correlations. All analyses include them; re-running without would be advisable.
6. **Django ceiling effect**: 84% pass rate means limited variance in outcome, reducing power for within-django analyses.
7. **Hedging score**: Near-zero mean (0.0016) confirms expected null -- Hyland hedging markers are nearly absent in LLM tool-use reasoning.
